0.588835
0.115931
0.524774
0.104694
0.581945
0.116164
0.691218
0.138956
0.618486
0.128843
1.3987
0.279598
0.829581
0.160412
0.60551
0.117786
0.546082
0.108638
0.556821
0.111171
0.695342
0.140673
0.634917
0.124147
0.497064
0.100984
0.653755
0.132394
0.786435
0.147511
1.81475
0.367818
0.689692
0.13109
0.648794
0.131005
0.65137
0.133878
0.688865
0.140154
0.626436
0.12403
0.5053
0.101948
0.752163
0.153882
0.619599
0.123426
0.91355
0.183321
0.780255
0.157677
0.970805
0.193222
0.934381
0.190762
0.645115
0.125663
1.54623
0.287993
0.580121
0.116652
0.679653
0.137536
0.703505
0.143334
0.709388
0.142984
0.795594
0.149854
0.928306
0.174098
0.869652
0.167918
0.739134
0.148815
0.745654
0.151476
1.28687
0.263908
0.570114
0.112072
0.816107
0.165257
0.680087
0.13991
0.623511
0.125737
0.52875
0.10003
0.510516
0.0982169
0.504781
0.0900649
0.861945
0.161038
0.608754
0.11609
2.14533
0.410327
0.88462
0.181317
0.861404
0.162087
0.535248
0.106846
0.698946
0.13127
0.635808
0.119302
0.85744
0.172158
1.07327
0.197483
0.852341
0.15826
0.690921
0.139772
1.58655
0.31987
1.11231
0.205052
1.14207
0.230431
1.09137
0.221622
1.07069
0.207459
0.969724
0.186458
1.5039
0.297937
1.04744
0.197483
0.79658
0.15737
0.720583
0.138585
0.822807
0.158695
0.727685
0.144405
0.623659
0.127433
1.51654
0.297979
1.2561
0.240078
1.19419
0.230696
0.730664
0.145529
0.767979
0.144829
0.702116
0.134217
0.681116
0.129521
0.630751
0.118189
0.817856
0.154211
0.745155
0.141119
0.785895
0.148391
0.856019
0.164122
0.696635
0.129362
0.669094
0.127231
0.651804
0.124963
0.820061
0.154295
1.60479
0.303216
1.09855
0.215473
0.561474
0.108203
0.682875
0.130083
0.679769
0.128822
0.834086
0.154242
0.944091
0.188812
1.56505
0.298637
1.40628
0.27628
1.20161
0.235562
1.65586
0.326983
0.195861
0.039255
0.203134
0.0403681
0.464667
0.093807
0.279311
0.0565026
0.287548
0.0567782
0.136539
0.0278378
0.130952
0.0257283
0.166243
0.0328627
2.88391
0.567485
1.26984
0.254845
1.34468
0.256
1.36457
0.253816
1.33172
0.258512
0.642666
0.127231
0.726169
0.144702
0.897988
0.177289
0.832358
0.16638
0.759944
0.152122
0.961911
0.192183
0.881186
0.17678
0.742643
0.147691
0.970625
0.196497
0.961423
0.189819
1.64352
0.337966
0.76446
0.154666
0.867235
0.173419
1.0253
0.192141
0.872737
0.161525
0.960141
0.181275
0.956558
0.181996
0.940211
0.179886
0.857567
0.158122
0.915183
0.168585
1.45126
0.276343
1.06567
0.199063
0.98254
0.189469
0.926462
0.176716
1.87886
0.344242
0.725968
0.137122
0.869758
0.161599
0.684497
0.129288
0.565821
0.1041
0.819849
0.15455
1.08651
0.204353
0.860387
0.165702
0.837065
0.151666
0.926207
0.171236
1.94689
0.359433
0.826167
0.153723
0.861118
0.161006
1.04012
0.193201
0.89732
0.166412
0.910486
0.167854
1.08718
0.200929
0.853401
0.161896
0.844475
0.154857
0.938282
0.172805
1.60111
0.294354
1.02335
0.188727
0.929504
0.173907
0.909331
0.172052
0.914833
0.168395
1.05827
0.198215
0.975925
0.185133
0.918787
0.173992
0.820315
0.155907
0.925805
0.176388
1.34962
0.254739
0.798022
0.150119
0.801245
0.149101
0.871189
0.160794
0.832941
0.157274
0.976307
0.180299
0.827948
0.156871
0.893536
0.170568
0.905186
0.168585
1.62472
0.298404
0.918628
0.176048
0.989897
0.184508
0.789244
0.147373
0.966056
0.181593
