0.713391
0.124013
0.632524
0.114161
0.699538
0.126226
0.840053
0.152021
0.749479
0.134036
1.68381
0.298997
1.0016
0.171529
0.729422
0.126967
0.665301
0.118576
0.67512
0.117844
0.84205
0.149369
0.771798
0.131654
0.600637
0.108917
0.790522
0.1451
0.944828
0.157781
2.18752
0.393513
0.830705
0.139751
0.787028
0.139584
0.786595
0.142133
0.836241
0.151682
0.763668
0.134383
0.612449
0.108924
0.918463
0.164903
0.751662
0.132688
1.1047
0.197493
0.939612
0.165595
1.1688
0.208334
1.12017
0.201281
0.774287
0.135227
1.87303
0.315581
0.703077
0.124568
0.827863
0.148006
0.849489
0.15283
0.857818
0.149787
0.962757
0.162778
1.1145
0.185305
1.04937
0.179504
0.890838
0.161009
0.902252
0.162478
1.56083
0.280341
0.68872
0.121969
0.996198
0.177833
0.823705
0.14713
0.754736
0.134293
0.638623
0.106949
0.62374
0.104151
0.597998
0.0978191
1.03933
0.172803
0.727415
0.120253
2.59285
0.442955
1.07275
0.191812
1.05024
0.176269
0.643903
0.114292
0.844417
0.140284
0.760436
0.127447
1.02213
0.184493
1.28099
0.216359
1.0147
0.171345
0.835941
0.146972
1.92104
0.347419
1.33574
0.220842
1.38112
0.250251
1.32664
0.233997
1.27232
0.224315
1.16035
0.202352
1.81479
0.320262
1.23984
0.212833
0.957893
0.170846
0.866579
0.149298
0.97911
0.175935
0.861498
0.155043
0.751906
0.135261
1.8226
0.323346
1.51645
0.257697
1.43593
0.243279
0.879106
0.156862
0.918452
0.154521
0.837871
0.14101
0.821394
0.137412
0.764388
0.127164
0.987569
0.163485
0.896416
0.150451
0.940385
0.157635
1.02764
0.17332
0.838781
0.141019
0.805806
0.133177
0.78616
0.135237
0.976717
0.1654
1.93361
0.323963
1.334
0.227652
0.67729
0.116376
0.820708
0.13702
0.820541
0.138551
1.01134
0.166354
1.14218
0.202358
1.8396
0.313514
1.69268
0.299136
1.44687
0.257262
1.98976
0.349428
0.235184
0.0418888
0.246792
0.0433904
0.562291
0.100111
0.338454
0.0598953
0.345185
0.0630999
0.165212
0.0301565
0.157612
0.0280551
0.202692
0.0364843
3.47175
0.62712
1.53246
0.27656
1.62169
0.27483
1.63802
0.275903
1.59855
0.281931
0.779267
0.137037
0.878785
0.152486
1.07848
0.19126
1.01187
0.179397
0.921903
0.166666
1.15785
0.206824
1.05845
0.192928
0.894467
0.158636
1.18131
0.21209
1.15333
0.207814
1.97528
0.357791
0.918729
0.164702
1.04182
0.18776
1.23357
0.20582
1.04463
0.172289
1.15403
0.192449
1.14574
0.193595
1.1329
0.186187
1.03601
0.168759
1.10271
0.180725
1.76096
0.294511
1.28595
0.212377
1.19441
0.19983
1.12716
0.186372
2.27049
0.369406
0.880466
0.147674
1.0433
0.171842
0.823193
0.137388
0.69001
0.111471
0.991314
0.162935
1.30975
0.214358
1.04044
0.174431
1.00722
0.1628
1.10998
0.181745
2.36233
0.384081
0.989394
0.165201
1.04269
0.170818
1.25322
0.207364
1.08348
0.17769
1.09196
0.178373
1.30399
0.215993
1.0364
0.172165
1.01749
0.168044
1.13503
0.184705
1.94053
0.317959
1.23557
0.201855
1.12043
0.182681
1.09377
0.179483
1.10969
0.1799
1.27017
0.213133
1.18046
0.196264
1.10738
0.184184
0.991327
0.164151
1.12165
0.188278
1.62732
0.272313
0.962535
0.160476
0.966159
0.160238
1.04743
0.172904
1.00371
0.167703
1.17488
0.192387
1.00313
0.167007
1.07977
0.182297
1.09305
0.179026
1.9615
0.320236
1.10379
0.183805
1.19336
0.19636
0.948656
0.155829
1.15804
0.193044
